E_e=[[9,9],[11,12],[13,15],[25,22],[42,42]];
[p,q]=chi2test([9,9;11,12;13,15;25,22;42,44])